0.0287356,6.42972e-13,6.60936e-14
0.0574713,7.00203e-13,8.20756e-14
0.0862069,8.60176e-13,1.02467e-13
0.114943,9.06642e-13,1.03935e-13
0.143678,9.57129e-13,1.07413e-13
0.172414,1.02948e-12,1.05845e-13
0.201149,1.13923e-12,1.11956e-13
0.229885,1.20577e-12,1.16372e-13
0.258621,1.36752e-12,1.19161e-13
0.287356,1.50138e-12,1.32356e-13
0.316092,1.55214e-12,1.32393e-13
0.344828,1.64659e-12,1.29645e-13
0.373563,1.74628e-12,1.29966e-13
0.402299,1.83449e-12,1.30637e-13
0.431034,1.93262e-12,1.37344e-13
0.45977,2.04131e-12,1.40421e-13
0.488506,2.1894e-12,1.59863e-13
0.517241,2.24157e-12,1.59945e-13
0.545977,2.35989e-12,1.70378e-13
0.574713,2.40645e-12,1.5871e-13
0.603448,2.62204e-12,1.79674e-13
0.632184,2.71167e-12,1.81461e-13
0.66092,2.71923e-12,1.87031e-13
0.689655,2.81121e-12,1.8895e-13
0.718391,2.90521e-12,1.9104e-13
0.747126,3.03631e-12,1.93207e-13
0.775862,3.08663e-12,1.87816e-13
0.804598,3.13318e-12,1.93987e-13
0.833333,3.27407e-12,1.92648e-13
0.862069,3.39163e-12,1.97419e-13
0.890805,3.3611e-12,1.95045e-13
0.91954,3.35506e-12,1.86978e-13
0.948276,3.38632e-12,2.0049e-13
0.977011,3.45037e-12,2.01181e-13
1.00575,3.39069e-12,1.91403e-13
1.03448,3.39423e-12,2.0902e-13
1.06322,3.43794e-12,2.09235e-13
1.09195,3.42095e-12,2.11452e-13
1.12069,3.4486e-12,2.18743e-13
1.14943,3.42679e-12,2.09351e-13
1.17816,3.48354e-12,2.15232e-13
1.2069,3.42279e-12,2.21087e-13
1.23563,3.44625e-12,2.31739e-13
1.26437,3.47394e-12,2.38081e-13
1.2931,3.53704e-12,2.38704e-13
1.32184,3.46661e-12,2.40706e-13
1.35057,3.38947e-12,2.3704e-13
1.37931,3.32164e-12,2.33336e-13
1.40805,3.31764e-12,2.35708e-13
1.43678,3.32986e-12,2.5152e-13
1.46552,3.27427e-12,2.47266e-13
1.49425,3.31382e-12,2.52342e-13
1.52299,3.30186e-12,2.41772e-13
1.55172,3.24793e-12,2.37176e-13
1.58046,3.24286e-12,2.5657e-13
1.6092,3.25079e-12,2.53756e-13
1.63793,3.29461e-12,2.62539e-13
1.66667,3.22779e-12,2.47771e-13
1.6954,3.22715e-12,2.61173e-13
1.72414,3.09194e-12,2.46156e-13
1.75287,3.18305e-12,2.63582e-13
1.78161,3.12006e-12,2.52359e-13
1.81034,3.18338e-12,2.58487e-13
1.83908,3.11468e-12,2.53399e-13
1.86782,3.23196e-12,2.58915e-13
1.89655,3.27102e-12,2.61531e-13
1.92529,3.35891e-12,2.77767e-13
1.95402,3.37659e-12,2.74437e-13
1.98276,3.50348e-12,2.90985e-13
2.01149,3.54377e-12,2.88553e-13
2.04023,3.60233e-12,2.83127e-13
2.06897,3.67348e-12,2.76608e-13
2.0977,3.74383e-12,2.75943e-13
2.12644,3.85184e-12,3.0935e-13
2.15517,4.01104e-12,3.32377e-13
2.18391,4.05393e-12,2.9999e-13
2.21264,4.17462e-12,3.2042e-13
2.24138,4.16605e-12,3.20963e-13
2.27011,4.26592e-12,3.25811e-13
2.29885,4.37106e-12,3.41986e-13
2.32759,4.49417e-12,3.48959e-13
2.35632,4.62393e-12,3.61852e-13
2.38506,4.68142e-12,3.77482e-13
2.41379,4.6276e-12,3.48306e-13
2.44253,4.69817e-12,3.81233e-13
2.47126,4.7164e-12,3.80917e-13
2.5,4.70294e-12,3.56578e-13
2.52874,4.817e-12,3.98034e-13
2.55747,4.84236e-12,4.08219e-13
2.58621,5.00501e-12,4.16477e-13
2.61494,5.00551e-12,4.15777e-13
2.64368,5.07963e-12,4.27918e-13
2.67241,5.10516e-12,4.22123e-13
2.70115,5.23973e-12,4.69674e-13
2.72989,5.17442e-12,4.5929e-13
2.75862,5.12521e-12,4.51294e-13
2.78736,5.23319e-12,4.80462e-13
2.81609,5.32e-12,4.75253e-13
2.84483,5.37969e-12,4.82691e-13
2.87356,5.36444e-12,4.74438e-13
2.9023,5.31349e-12,4.60326e-13
2.93103,5.24146e-12,4.78941e-13
2.95977,5.27528e-12,4.87714e-13
2.98851,5.27723e-12,4.78088e-13
3.01724,5.29493e-12,4.80039e-13
3.04598,5.16437e-12,4.96328e-13
3.07471,4.94381e-12,4.65789e-13
3.10345,4.9102e-12,4.72441e-13
3.13218,4.79014e-12,4.41706e-13
3.16092,4.79616e-12,4.59532e-13
3.18966,4.65295e-12,4.27689e-13
3.21839,4.54811e-12,4.34545e-13
3.24713,4.4725e-12,4.21328e-13
3.27586,4.48824e-12,4.49752e-13
3.3046,4.32718e-12,4.25009e-13
3.33333,4.33237e-12,4.04654e-13
3.36207,4.33408e-12,4.01625e-13
3.3908,4.28331e-12,4.0539e-13
3.41954,4.23506e-12,3.98322e-13
3.44828,4.16385e-12,3.72956e-13
3.47701,4.11613e-12,4.01974e-13
3.50575,4.13795e-12,3.81031e-13
3.53448,4.1481e-12,3.92159e-13
3.56322,4.08163e-12,3.25876e-13
3.59195,4.0939e-12,3.73921e-13
3.62069,4.06189e-12,3.4113e-13
3.64943,4.04085e-12,3.49724e-13
3.67816,3.91128e-12,3.10828e-13
3.7069,3.92697e-12,3.57945e-13
3.73563,3.86828e-12,3.25636e-13
3.76437,3.91504e-12,3.42591e-13
3.7931,3.79492e-12,3.38299e-13
3.82184,3.92609e-12,3.81255e-13
3.85057,3.81567e-12,3.53782e-13
3.87931,3.89444e-12,3.71766e-13
3.90805,3.77688e-12,3.45512e-13
3.93678,3.85995e-12,3.96663e-13
3.96552,3.89347e-12,3.77637e-13
3.99425,3.90721e-12,3.88866e-13
4.02299,4.02316e-12,4.12562e-13
4.05172,4.07535e-12,4.43247e-13
4.08046,4.1444e-12,4.2075e-13
4.1092,4.0723e-12,4.33189e-13
4.13793,4.09381e-12,4.35174e-13
4.16667,4.14109e-12,4.40654e-13
4.1954,4.06773e-12,4.45102e-13
4.22414,4.14842e-12,4.41344e-13
4.25287,4.35378e-12,4.69388e-13
4.28161,4.33438e-12,4.51913e-13
4.31034,4.41017e-12,4.80474e-13
